6712|0|ทั่วประเทศ|0| |0| |0| |32,145,282|33,805,928|65,951,210|29,128,519|
6712|10|กรุงเทพมหานคร|0| |0| |0| |2,544,400|2,910,620|5,455,020|3,304,462|
6712|11|จังหวัดสมุทรปราการ |0| |0| |0| |654,057|726,769|1,380,826|783,230|
6712|12|จังหวัดนนทบุรี |0| |0| |0| |609,722|708,197|1,317,919|768,221|
6712|13|จังหวัดปทุมธานี |0| |0| |0| |584,170|652,301|1,236,471|716,096|
6712|14|จังหวัดพระนครศรีอยุธยา |0| |0| |0| |394,331|428,389|822,720|362,285|
6712|15|จังหวัดอ่างทอง |0| |0| |0| |128,445|140,430|268,875|105,354|
6712|16|จังหวัดลพบุรี |0| |0| |0| |360,040|365,226|725,266|306,787|
6712|17|จังหวัดสิงห์บุรี |0| |0| |0| |94,895|104,908|199,803|81,992|
6712|18|จังหวัดชัยนาท |0| |0| |0| |150,495|163,264|313,759|132,908|
6712|19|จังหวัดสระบุรี |0| |0| |0| |313,262|325,903|639,165|305,526|
6712|20|จังหวัดชลบุรี |0| |0| |0| |794,783|840,742|1,635,525|1,172,425|
6712|21|จังหวัดระยอง |0| |0| |0| |382,979|399,192|782,171|578,414|
6712|22|จังหวัดจันทบุรี |0| |0| |0| |261,555|274,833|536,388|261,649|
6712|23|จังหวัดตราด |0| |0| |0| |111,893|114,624|226,517|114,393|
6712|24|จังหวัดฉะเชิงเทรา |0| |0| |0| |358,556|374,575|733,131|345,381|
6712|25|จังหวัดปราจีนบุรี |0| |0| |0| |246,835|253,772|500,607|242,594|
6712|26|จังหวัดนครนายก |0| |0| |0| |128,349|131,421|259,770|111,246|
6712|27|จังหวัดสระแก้ว |0| |0| |0| |280,641|281,601|562,242|233,852|
6712|30|จังหวัดนครราชสีมา |0| |0| |0| |1,282,763|1,337,409|2,620,172|1,079,582|
6712|31|จังหวัดบุรีรัมย์ |0| |0| |0| |775,230|791,078|1,566,308|504,266|
6712|32|จังหวัดสุรินทร์ |0| |0| |0| |675,268|684,977|1,360,245|426,326|
6712|33|จังหวัดศรีสะเกษ |0| |0| |0| |717,079|724,934|1,442,013|420,976|
6712|34|จังหวัดอุบลราชธานี |0| |0| |0| |929,772|938,170|1,867,942|661,003|
6712|35|จังหวัดยโสธร |0| |0| |0| |261,204|264,121|525,325|189,342|
6712|36|จังหวัดชัยภูมิ |0| |0| |0| |544,954|561,450|1,106,404|424,219|
6712|37|จังหวัดอำนาจเจริญ |0| |0| |0| |184,783|187,400|372,183|128,559|
6712|38|จังหวัดบึงกาฬ |0| |0| |0| |209,459|209,274|418,733|147,459|
6712|39|จังหวัดหนองบัวลำภู |0| |0| |0| |250,862|253,517|504,379|161,989|
6712|40|จังหวัดขอนแก่น |0| |0| |0| |868,299|904,082|1,772,381|692,088|
6712|41|จังหวัดอุดรธานี |0| |0| |0| |765,475|786,660|1,552,135|565,876|
6712|42|จังหวัดเลย |0| |0| |0| |315,871|316,316|632,187|240,382|
6712|43|จังหวัดหนองคาย |0| |0| |0| |253,194|258,512|511,706|190,025|
6712|44|จังหวัดมหาสารคาม |0| |0| |0| |456,246|473,706|929,952|321,366|
6712|45|จังหวัดร้อยเอ็ด |0| |0| |0| |629,825|645,694|1,275,519|417,865|
6712|46|จังหวัดกาฬสินธุ์ |0| |0| |0| |474,533|487,911|962,444|331,891|
6712|47|จังหวัดสกลนคร |0| |0| |0| |564,205|573,567|1,137,772|411,116|
6712|48|จังหวัดนครพนม |0| |0| |0| |353,531|357,209|710,740|246,183|
6712|49|จังหวัดมุกดาหาร |0| |0| |0| |174,977|175,533|350,510|126,326|
6712|50|จังหวัดเชียงใหม่ |0| |0| |0| |865,486|933,533|1,799,019|900,484|
6712|51|จังหวัดลำพูน |0| |0| |0| |189,647|207,106|396,753|193,492|
6712|52|จังหวัดลำปาง |0| |0| |0| |341,663|362,463|704,126|307,969|
6712|53|จังหวัดอุตรดิตถ์ |0| |0| |0| |212,005|224,278|436,283|179,308|
6712|54|จังหวัดแพร่ |0| |0| |0| |202,378|219,367|421,745|185,874|
6712|55|จังหวัดน่าน |0| |0| |0| |234,647|235,860|470,507|180,461|
6712|56|จังหวัดพะเยา |0| |0| |0| |220,378|234,386|454,764|204,387|
6712|57|จังหวัดเชียงราย |0| |0| |0| |628,811|668,846|1,297,657|594,808|
6712|58|จังหวัดแม่ฮ่องสอน |0| |0| |0| |145,723|142,359|288,082|123,826|
6712|60|จังหวัดนครสวรรค์ |0| |0| |0| |493,281|521,120|1,014,401|437,370|
6712|61|จังหวัดอุทัยธานี |0| |0| |0| |156,311|164,134|320,445|132,050|
6712|62|จังหวัดกำแพงเพชร |0| |0| |0| |345,166|355,696|700,862|291,549|
6712|63|จังหวัดตาก |0| |0| |0| |352,933|345,664|698,597|241,517|
6712|64|จังหวัดสุโขทัย |0| |0| |0| |277,179|296,209|573,388|229,235|
6712|65|จังหวัดพิษณุโลก |0| |0| |0| |409,596|429,520|839,116|372,740|
6712|66|จังหวัดพิจิตร |0| |0| |0| |251,787|265,521|517,308|206,966|
6712|67|จังหวัดเพชรบูรณ์ |0| |0| |0| |472,067|488,651|960,718|382,224|
6712|70|จังหวัดราชบุรี |0| |0| |0| |418,947|445,090|864,037|350,718|
6712|71|จังหวัดกาญจนบุรี |0| |0| |0| |447,653|448,698|896,351|370,344|
6712|72|จังหวัดสุพรรณบุรี |0| |0| |0| |395,769|426,442|822,211|324,002|
6712|73|จังหวัดนครปฐม |0| |0| |0| |443,395|482,363|925,758|442,482|
6712|74|จังหวัดสมุทรสาคร |0| |0| |0| |283,460|307,407|590,867|323,332|
6712|75|จังหวัดสมุทรสงคราม |0| |0| |0| |89,040|97,744|186,784|77,393|
6712|76|จังหวัดเพชรบุรี |0| |0| |0| |232,930|251,215|484,145|237,512|
6712|77|จังหวัดประจวบคีรีขันธ์ |0| |0| |0| |270,215|281,554|551,769|293,330|
6712|80|จังหวัดนครศรีธรรมราช |0| |0| |0| |757,539|777,114|1,534,653|616,268|
6712|81|จังหวัดกระบี่ |0| |0| |0| |240,313|243,542|483,855|208,232|
6712|82|จังหวัดพังงา |0| |0| |0| |132,910|133,386|266,296|125,443|
6712|83|จังหวัดภูเก็ต |0| |0| |0| |201,988|227,595|429,583|294,383|
6712|84|จังหวัดสุราษฎร์ธานี |0| |0| |0| |529,077|547,589|1,076,666|550,373|
6712|85|จังหวัดระนอง |0| |0| |0| |96,944|95,983|192,927|98,370|
6712|86|จังหวัดชุมพร |0| |0| |0| |250,267|257,786|508,053|256,148|
6712|90|จังหวัดสงขลา |0| |0| |0| |695,802|735,305|1,431,107|593,923|
6712|91|จังหวัดสตูล |0| |0| |0| |161,667|163,212|324,879|111,775|
6712|92|จังหวัดตรัง |0| |0| |0| |310,045|324,914|634,959|246,853|
6712|93|จังหวัดพัทลุง |0| |0| |0| |252,460|266,980|519,440|207,767|
6712|94|จังหวัดปัตตานี |0| |0| |0| |366,532|374,372|740,904|208,009|
6712|95|จังหวัดยะลา |0| |0| |0| |274,701|278,273|552,974|181,284|
6712|96|จังหวัดนราธิวาส |0| |0| |0| |407,632|416,364|823,996|232,664|
